           1   29.00000    
           2   43.00000    
           3   51.00000    
           4   51.00000    
           5   43.00000    
           6   27.00000    
           7   10.00000    
           8  -5.000000    
           9  -19.00000    
          10  -29.00000    
          11  -30.00000    
          12  -22.00000    
          13  -10.00000    
          14   1.000000    
          15   7.000000    
          16   9.000000    
          17   5.000000    
          18  -8.000000    
          19  -23.00000    
          20  -35.00000    
          21  -40.00000    
          22  -37.00000    
          23  -26.00000    
          24  -8.000000    
          25   13.00000    
          26   29.00000    
          27   42.00000    
          28   51.00000    
          29   46.00000    
          30   34.00000    
          31   18.00000    
          32  0.0000000E+00
          33  -15.00000    
          34  -29.00000    
          35  -33.00000    
          36  -25.00000    
          37  -12.00000    
          38   3.000000    
          39   4.000000    
          40   10.00000    
          41   14.00000    
          42   7.000000    
          43  -6.000000    
          44  -25.00000    
          45  -33.00000    
          46  -38.00000    
          47  -40.00000    
          48  -21.00000    
          49  -1.000000    
          50   17.00000    
          51   34.00000    
          52   43.00000    
          53   43.00000    
          54   38.00000    
          55   22.00000    
          56   5.000000    
          57  -9.000000    
          58  -26.00000    
          59  -22.00000    
          60  -33.00000    
          61  -18.00000    
          62  -2.000000    
          63   10.00000    
          64   22.00000    
          65   23.00000    
          66   18.00000    
          67   3.000000    
          68  -11.00000    
          69  -27.00000    
          70  -32.00000    
          71  -38.00000    
          72  -31.00000    
          73  -13.00000    
          74   8.000000    
          75   23.00000    
          76   30.00000    
          77   37.00000    
          78   36.00000    
          79   23.00000    
          80   6.000000    
          81  -6.000000    
          82  -25.00000    
          83  -25.00000    
          84  -30.00000    
          85  -27.00000    
          86  -12.00000    
          87   7.000000    
          88   19.00000    
          89   30.00000    
          90   27.00000    
          91   9.000000    
          92   7.000000    
          93  -13.00000    
          94  -24.00000    
          95  -32.00000    
          96  -29.00000    
          97  -21.00000    
          98  -1.000000    
          99   6.000000    
         100   22.00000    
         101   16.00000    
         102   29.00000    
         103   32.00000    
         104   8.000000    
         105  -5.000000    
         106  -14.00000    
         107  -21.00000    
         108  -34.00000    
         109  -26.00000    
         110  -12.00000    
         111   5.000000    
         112   12.00000    
         113   22.00000    
         114   31.00000    
         115   24.00000    
         116   9.000000    
         117   6.000000    
         118  -6.000000    
         119  -12.00000    
         120  -16.00000    
         121  -29.00000    
         122  -18.00000    
         123   4.000000    
         124   11.00000    
         125   20.00000    
         126   25.00000    
         127   23.00000    
         128   3.000000    
         129  -12.00000    
         130  -18.00000    
         131  -27.00000    
         132  -26.00000    
         133  -25.00000    
         134  -21.00000    
         135  -6.000000    
         136   4.000000    
         137   19.00000    
         138   32.00000    
         139   39.00000    
         140   20.00000    
         141   10.00000    
         142   9.000000    
         143  -9.000000    
         144  -14.00000    
         145  -17.00000    
         146  -20.00000    
         147  -5.000000    
         148  0.0000000E+00
         149   14.00000    
         150   16.00000    
         151   13.00000    
         152   5.000000    
         153  -6.000000    
         154  -14.00000    
         155  -25.00000    
         156  -30.00000    
         157  -29.00000    
         158  -26.00000    
         159  -15.00000    
         160   1.000000    
         161   16.00000    
         162   26.00000    
         163   29.00000    
         164   36.00000    
         165   21.00000    
         166   16.00000    
         167   5.000000    
         168  -3.000000    
         169  -11.00000    
         170  -6.000000    
         171  -12.00000    
         172  -5.000000    
         173   2.000000    
         174   7.000000    
         175   6.000000    
         176   4.000000    
         177  -2.000000    
         178  -12.00000    
         179  -24.00000    
         180  -36.00000    
         181  -29.00000    
         182  -31.00000    
         183  -21.00000    
         184  -7.000000    
         185   5.000000    
         186   17.00000    
         187   31.00000    
         188   32.00000    
         189   34.00000    
         190   23.00000    
         191   18.00000    
         192   11.00000    
         193   1.000000    
         194  -1.000000    
         195  -6.000000    
         196  -3.000000    
         197  0.0000000E+00
         198   3.000000    
         199  0.0000000E+00
         200  -5.000000    
         201  -10.00000    
         202  -13.00000    
         203  -23.00000    
         204  -29.00000    
         205  -30.00000    
         206  -32.00000    
         207  -25.00000    
         208  -16.00000    
         209  -2.000000    
         210   9.000000    
         211   19.00000    
         212   32.00000    
         213   39.00000    
         214   33.00000    
         215   28.00000    
         216   22.00000    
         217   15.00000    
         218   10.00000    
         219   4.000000    
         220  -1.000000    
         221  -5.000000    
         222  -7.000000    
         223  -7.000000    
         224  -11.00000    
         225  -10.00000    
         226  -14.00000    
         227  -17.00000    
         228  -24.00000    
         229  -33.00000    
         230  -30.00000    
         231  -28.00000    
         232  -20.00000    
         233  -14.00000    
         234  -2.000000    
         235   9.000000    
         236   21.00000    
         237   32.00000    
         238   39.00000    
         239   35.00000    
         240   32.00000    
         241   28.00000    
         242   20.00000    
         243   16.00000    
         244   6.000000    
         245  0.0000000E+00
         246  -10.00000    
         247  -13.00000    
         248  -13.00000    
         249  -16.00000    
         250  -13.00000    
         251  -17.00000    
         252  -20.00000    
         253  -26.00000    
         254  -32.00000    
         255  -31.00000    
         256  -29.00000    
         257  -23.00000    
         258  -14.00000    
         259  -2.000000    
         260   12.00000    
         261   25.00000    
         262   32.00000    
         263   39.00000    
         264   39.00000    
         265   35.00000    
         266   28.00000    
         267   21.00000    
         268   15.00000    
         269   3.000000    
         270  -6.000000    
         271  -15.00000    
         272  -17.00000    
         273  -15.00000    
         274  -19.00000    
         275  -15.00000    
         276  -18.00000    
         277  -19.00000    
         278  -23.00000    
         279  -30.00000    
         280  -31.00000    
         281  -30.00000    
         282  -26.00000    
         283  -14.00000    
         284  -3.000000    
         285   11.00000    
         286   26.00000    
         287   36.00000    
         288   42.00000    
         289   43.00000    
         290   39.00000    
         291   29.00000    
         292   22.00000    
         293   9.000000    
         294  -4.000000    
         295  -12.00000    
         296  -20.00000    
         297  -21.00000    
         298  -17.00000    
         299  -18.00000    
         300  -11.00000    
         301  -12.00000    
         302  -12.00000    
         303  -18.00000    
         304  -26.00000    
         305  -31.00000    
         306  -33.00000    
         307  -31.00000    
         308  -18.00000    
         309  -4.000000    
         310   10.00000    
         311   28.00000    
         312   39.00000    
         313   47.00000    
         314   46.00000    
         315   42.00000    
         316   31.00000    
         317   20.00000    
         318  -2.000000    
         319  -11.00000    
         320  -19.00000    
         321  -26.00000    
         322  -23.00000    
         323  -19.00000    
         324  -5.000000    
         325  0.0000000E+00
         326  -2.000000    
         327  -4.000000    
         328  -16.00000    
         329  -22.00000    
         330  -35.00000    
         331  -37.00000    
         332  -29.00000    
         333  -25.00000    
         334  -5.000000    
         335   16.00000    
         336   26.00000    
         337   43.00000    
         338   47.00000    
         339   54.00000    
         340   33.00000    
         341   25.00000    
         342   8.000000    
         343  -2.000000    
         344  -24.00000    
         345  -30.00000    
         346  -27.00000    
         347  -21.00000    
         348  -7.000000    
         349  -9.000000    
         350   2.000000    
         351   9.000000    
         352   6.000000    
         353  -9.000000    
         354  -26.00000    
         355  -36.00000    
         356  -39.00000    
         357  -44.00000    
         358  -24.00000    
         359  -5.000000    
         360   14.00000    
         361   35.00000    
         362   43.00000    
         363   44.00000    
         364   46.00000    
         365   44.00000    
         366   15.00000    
         367  -3.000000    
         368  -19.00000    
         369  -37.00000    
         370  -25.00000    
         371  -30.00000    
         372  -13.00000    
         373   5.000000    
         374   11.00000    
         375   20.00000    
         376   20.00000    
         377   3.000000    
         378  -10.00000    
         379  -28.00000    
         380  -40.00000    
         381  -37.00000    
         382  -42.00000    
         383  -36.00000    
         384  -7.000000    
         385   20.00000    
         386   37.00000    
         387   47.00000    
         388   50.00000    
         389   33.00000    
         390   35.00000    
         391   3.000000    
         392  -13.00000    
         393  -13.00000    
         394  -41.00000    
         395  -23.00000    
         396  -13.00000    
         397  -2.000000    
         398   16.00000    
         399   22.00000    
         400   30.00000    
         401   35.00000    
         402   2.000000    
         403  -11.00000    
         404  -28.00000    
         405  -34.00000    
         406  -42.00000    
         407  -42.00000    
         408  -28.00000    
         409   5.000000    
         410   19.00000    
         411   48.00000    
         412   50.00000    
         413   37.00000    
         414   37.00000    
         415   7.000000    
         416  -8.000000    
         417  -23.00000    
         418  -17.00000    
         419  -32.00000    
         420  -27.00000    
         421  -12.00000    
         422   9.000000    
         423   18.00000    
         424   37.00000    
         425   43.00000    
         426   34.00000    
         427   12.00000    
         428  -9.000000    
         429  -29.00000    
         430  -43.00000    
         431  -42.00000    
         432  -43.00000    
         433  -20.00000    
         434   4.000000    
         435   26.00000    
         436   43.00000    
         437   42.00000    
         438   33.00000    
         439   28.00000    
         440  -1.000000    
         441  -31.00000    
         442  -31.00000    
         443  -35.00000    
         444  -28.00000    
         445  -26.00000    
         446  -3.000000    
         447   15.00000    
         448   24.00000    
         449   44.00000    
         450   40.00000    
         451   31.00000    
         452   4.000000    
         453  -7.000000    
         454  -31.00000    
         455  -38.00000    
         456  -32.00000    
         457  -32.00000    
         458  -20.00000    
         459   5.000000    
         460   16.00000    
         461   30.00000    
         462   28.00000    
         463   18.00000    
         464  0.0000000E+00
         465  -14.00000    
         466  -32.00000    
         467  -49.00000    
         468  -51.00000    
         469  -31.00000    
         470  -16.00000    
         471   17.00000    
         472   32.00000    
         473   43.00000    
         474   51.00000    
         475   62.00000    
         476   29.00000    
         477   11.00000    
         478  -10.00000    
         479  -18.00000    
         480  -29.00000    
         481  -32.00000    
         482  -32.00000    
         483  -12.00000    
         484   6.000000    
         485   17.00000    
         486   19.00000    
         487   20.00000    
         488   5.000000    
         489  -12.00000    
         490  -24.00000    
         491  -34.00000    
         492  -36.00000    
         493  -38.00000    
         494  -22.00000    
         495  -7.000000    
         496   16.00000    
         497   28.00000    
         498   40.00000    
         499   51.00000    
         500   42.00000    
         501   29.00000    
         502   17.00000    
         503   1.000000    
         504  -17.00000    
         505  -31.00000    
         506  -29.00000    
         507  -14.00000    
         508  -10.00000    
         509  -3.000000    
         510   4.000000    
         511   8.000000    
         512   12.00000    
         513  -11.00000    
         514  -15.00000    
         515  -29.00000    
         516  -40.00000    
         517  -38.00000    
         518  -34.00000    
         519  -22.00000    
         520  0.0000000E+00
         521   17.00000    
         522   35.00000    
         523   42.00000    
         524   50.00000    
         525   41.00000    
         526   31.00000    
         527   22.00000    
         528   8.000000    
         529  -3.000000    
         530  -12.00000    
         531  -26.00000    
         532  -24.00000    
         533  -13.00000    
         534  0.0000000E+00
         535   5.000000    
         536  0.0000000E+00
         537  -5.000000    
         538  -14.00000    
         539  -30.00000    
         540  -34.00000    
         541  -38.00000    
         542  -39.00000    
         543  -29.00000    
         544  -17.00000    
         545  0.0000000E+00
         546   19.00000    
         547   34.00000    
         548   47.00000    
         549   44.00000    
         550   46.00000    
         551   35.00000    
         552   25.00000    
         553   11.00000    
         554   11.00000    
         555  -4.000000    
         556  -17.00000    
         557  -17.00000    
         558  -15.00000    
         559  -12.00000    
         560  -9.000000    
         561  -5.000000    
         562  -11.00000    
         563  -19.00000    
         564  -28.00000    
         565  -37.00000    
         566  -38.00000    
         567  -33.00000    
         568  -28.00000    
         569  -10.00000    
         570   1.000000    
         571   20.00000    
         572   29.00000    
         573   41.00000    
         574   46.00000    
         575   46.00000    
         576   41.00000    
         577   26.00000    
         578   14.00000    
         579   8.000000    
         580  -4.000000    
         581  -11.00000    
         582  -20.00000    
         583  -22.00000    
         584  -19.00000    
         585  -14.00000    
         586  -16.00000    
         587  -17.00000    
         588  -17.00000    
         589  -26.00000    
         590  -30.00000    
         591  -33.00000    
         592  -31.00000    
         593  -26.00000    
         594  -14.00000    
         595  0.0000000E+00
         596   13.00000    
         597   27.00000    
         598   40.00000    
         599   44.00000    
         600   43.00000    
         601   41.00000    
         602   28.00000    
         603   19.00000    
         604   6.000000    
         605  -3.000000    
         606  -11.00000    
         607  -16.00000    
         608  -21.00000    
         609  -24.00000    
         610  -16.00000    
         611  -13.00000    
         612  -13.00000    
         613  -13.00000    
         614  -17.00000    
         615  -24.00000    
         616  -28.00000    
         617  -32.00000    
         618  -22.00000    
         619  -18.00000    
         620  -4.000000    
         621   14.00000    
         622   28.00000    
         623   37.00000    
         624   42.00000    
         625   45.00000    
         626   43.00000    
         627   32.00000    
         628   19.00000    
         629   2.000000    
         630  -11.00000    
         631  -17.00000    
         632  -24.00000    
         633  -24.00000    
         634  -22.00000    
         635  -13.00000    
         636  -12.00000    
         637  -5.000000    
         638  -7.000000    
         639  -12.00000    
         640  -17.00000    
         641  -27.00000    
         642  -31.00000    
         643  -24.00000    
         644  -23.00000    
         645  -4.000000    
         646   8.000000    
         647   23.00000    
         648   36.00000    
         649   40.00000    
         650   46.00000    
         651   40.00000    
         652   24.00000    
         653   8.000000    
         654  -1.000000    
         655  -15.00000    
         656  -26.00000    
         657  -26.00000    
         658  -22.00000    
         659  -14.00000    
         660  -16.00000    
         661  -4.000000    
         662   5.000000    
         663   4.000000    
         664  -3.000000    
         665  -21.00000    
         666  -23.00000    
         667  -32.00000    
         668  -34.00000    
         669  -21.00000    
         670  -8.000000    
         671   6.000000    
         672   30.00000    
         673   35.00000    
         674   50.00000    
         675   39.00000    
         676   35.00000    
         677   20.00000    
         678   2.000000    
         679  -13.00000    
         680  -17.00000    
         681  -29.00000    
         682  -27.00000    
         683  -18.00000    
         684  -15.00000    
         685   6.000000    
         686   10.00000    
         687   20.00000    
         688   9.000000    
         689  -4.000000    
         690  -15.00000    
         691  -27.00000    
         692  -30.00000    
         693  -27.00000    
         694  -19.00000    
         695  -9.000000    
         696   10.00000    
         697   24.00000    
         698   37.00000    
         699   40.00000    
         700   41.00000    
         701   16.00000    
         702   10.00000    
         703  -6.000000    
         704  -14.00000    
         705  -33.00000    
         706  -35.00000    
         707  -24.00000    
         708  -13.00000    
         709   8.000000    
         710   17.00000    
         711   21.00000    
         712   18.00000    
         713   16.00000    
         714  -6.000000    
         715  -17.00000    
         716  -20.00000    
         717  -35.00000    
         718  -31.00000    
         719  -24.00000    
         720  -2.000000    
         721   16.00000    
